3
0
25
255
70
295
70
335
70
375
70
415
70
455
70
495
70
535
70
575
70
615
70
255
105
295
105
335
105
375
105
415
105
455
105
495
105
535
105
575
105
615
105
255
140
295
140
335
140
375
140
415
140
455
140
495
140
535
140
575
140
615
140
255
175
295
175
335
175
375
175
415
175
455
175
495
175
535
175
575
175
615
175
255
210
295
210
335
210
375
210
415
-1000
455
210
495
210
535
-1000
575
-1000
615
210
1
1
1
1
1
1
1
1
1
1
1
1
1
1
1
1
1
1
1
1
1
1
1
1
1
1
1
1
1
1
1
1
1
1
1
1
1
1
1
1
1
1
1
1
0
1
1
0
0
1
